-6.775340845306828  -6.773837389055713
-6.2383443636490075  -5.752793397053839
4.795675465049623  0.7296607622599871
-2.8265484049676113  7.907354003785134
-2.616681568019712  7.039869901851653
-6.6351336745763465  -5.6810057952896145
4.976293808127305  2.1315758847676634
4.927215331207901  2.394320197833481
4.952263439599764  3.7214527491114557
5.51773068775819  0.8215416898216481
-2.7841208354338685  8.510194989751943
-5.1031093026351115  -6.920652399241571
-2.2556992101327626  8.057052640011085
5.2963941745462035  -0.5509677883733504
5.260073068165377  0.5782507877143792
5.690769024570408  2.5326686046227214
-2.834921291189319  8.13356391962267
-0.9850982656602674  8.66033460377935
-1.043355785109646  8.820013131194349
-1.6872097979336451  8.580357256337242
4.794873015576479  2.5696507127443087
-7.438065286735708  -7.422856978391233
-6.833662492056558  -6.518729510149757
-8.16442011423921  -7.763401489831927
4.364421848288894  0.8850502399932384
-2.3426959626206534  9.764162306659642
-3.3641348610136568  9.396937393033504
-3.130029415262687  9.400686304695416
4.361440108288371  3.124958867639086
5.452595674582516  3.3866178252365886
-6.91893107709703  -5.470142654428881
-8.637926439280749  -4.5199420648576805
3.9882075365927783  2.7017895473732705
-2.471344279861386  8.953803918665228
-3.0408061307993046  8.573224502619173
-5.961575058698788  -8.511601253895265
-9.264836016352593  -6.490841153391772
4.200105981309854  3.5913804917039376
-6.783951719259344  -5.343035628575671
-6.828847026340279  -5.1911224847466295
-1.4391015603679322  10.208696577927071
4.198617843510643  2.1949320286104115
-3.42389033648371  8.368313857121887
-8.109188244293222  -7.1298016012336785
-0.7636735242838709  9.350178190443495
-3.4443344837402843  -8.63521990042579
-2.666760617257279  8.501601406648632
-3.0729191674855056  9.330539660040643
-8.542644177099751  -7.024797877497003
4.310356712545536  0.6449230367289733
-7.728292554464208  -5.932934217141001
-1.9298110541275073  9.676871579802839
4.845952882009311  0.548378420448202
-8.320674064367072  -6.6289537239747665
-2.3068835968506813  7.1541823314572035
-9.259292835212676  -3.7224179735206926
-3.503238733156772  8.755723059950306
-1.0684878688011443  9.241717701258226
-3.0272915886008365  9.989794839183334
6.5190435690813135  2.093834245409796
3.9834782266597695  1.928458170512974
-2.8783989021413885  9.900135719180334
-6.796386414311359  -7.763791298934885
-6.2769429905551934  -8.257952624810375
-3.8187900136132074  9.300154762737524
-1.134512264612784  9.397572346045667
-7.92380876200957  -6.520718860424328
4.7591845994555095  3.2464339427861884
4.322985046430089  -0.19618440666762182
-2.992349521628611  9.530389018064016
-6.271563999501051  -6.624334279827696
-3.5795371613909084  9.919722546693265
4.223864647466465  1.5013359309688958
4.244050551113735  1.9032276771525827
6.0371603138328265  1.1159966086634812
-7.92910678216753  -7.159167376595017
6.137201651755058  3.7764633163592745
-2.0146160343027413  7.439194306402596
-2.3258816216517557  10.658752569338493
-2.9170175374194445  9.902992073162817
2.7618913075822453  1.387044542907698
-2.4676503631680364  9.431384138976167
-3.7369148435784694  9.85383741291477
-2.7518182459547362  11.778593157583902
6.059192469475837  0.703836437461498
-6.4917965676628775  -6.1877499600221375
4.212102326771521  -0.024822083193849043
-5.109637881696409  -7.52292558827855
-2.9739744972771107  7.853961756778967
-2.3617038610087135  9.397441870637941
-3.774904850558933  10.222086175615944
-1.0670657720347865  8.321491030856286
5.331956175356594  1.8121411674098475
4.618763783320206  2.1489791257103086
-5.877727744649356  -8.7776957059783
3.9922209017883796  1.9838057735152037
-7.653654312583938  -8.244400346088502
-2.3966102566446477  10.143851921487155
3.3309018854141637  1.3591124649023
4.141223750258866  0.46075268892208543
4.768049432757913  1.419320555373475
-8.21230924170234  -6.571457134920016
-7.053619931613605  -8.975013419760574
-5.207087188512961  8.948133417177113
-5.919303950406558  -6.064140539831703
3.754904291139809  3.030444779916957
5.788171331642735  1.6890729897014296
-1.6811448910723625  7.438982366729099
4.684884291814299  2.860358161572581
-2.8684839793744445  10.626804007732403
-5.375687092144399  -6.022615884960284
5.302447690918099  1.2992540964552488
3.485720483001715  2.4178077069350428
4.776278470433809  -0.32648797324172096
0.3438946731641752  9.78599091954975
4.856407103086318  1.6195916808932773
-7.413481044298393  -6.464383639072068
-7.7327194597625075  -7.196951048717347
5.619069937968402  2.948603238461235
-3.0967021640148578  8.367824973652311
-2.1084871027432572  8.516035116344991
2.9446073540300373  1.972534227284519
-7.870361918457913  -7.142933008477676
5.1102501906311995  2.5386686878674416
-6.460327674232163  -7.509068101889251
-5.247180287354674  -8.459066889735048
3.6874493098137746  2.8337427630103864
-8.027371686202262  -7.88361801371495
4.193223286939707  2.430038202166654
4.759005694909414  2.8337291927463233
-4.397728816061902  9.846571216782017
4.2248272509241  3.7918320664717577
4.419345829566766  0.537854341195914
-6.987422733476632  -5.312350947058224
-1.667965083667521  9.793362942439776
-4.5478620443797535  -5.393115410399416
-0.9970338136768359  9.827436298638142
4.473133952998733  3.790153556326907
4.422513762440128  1.2593908617941802
4.823918910039389  1.9075104631251576
-3.6335581982088403  9.880526749884623
-3.4111445656189576  7.631844341432667
-6.276765630093934  -6.513493119110563
-7.5107468007961184  -7.048465503045759
-7.6135603196759645  -7.074406403001786
-1.9699481247608441  5.665591573841851
4.481416734703516  3.2475529566306567
-1.6625415736671678  7.6484302327573905
-3.2295241900280036  8.742966357771243
-2.1153229281262984  8.297957300414884
-2.508991330725217  6.8463280670677
-6.126270038612306  -5.493370204570459
5.2520202674245535  1.6305959030895758
-6.918779892971298  -6.492465695446576
-3.470839475801608  11.244798439052026
4.656342222353962  2.392011408480799
-3.078462231065902  8.582481667334076
4.59501993887862  2.0711852882537256
-2.922713083561613  10.059298300529278
-6.532883710945044  -8.400135794368152
5.3710128588409605  2.2585672250635294
-4.194320630732059  8.268465800221204
-3.8462070163777433  8.915752889882414
2.3802218272466504  2.6188997105399237
-0.16574793055649895  7.27998560858759
-3.5913384085841105  9.586234483061968
6.660870151927566  0.5215910707627496
6.473280615794318  3.698662693840206
-5.579151585359023  -6.795678222207019
-5.863650820432052  -7.829467082978701
4.00158738012581  3.025571145356609
-1.598452729400297  9.980033264709299
-4.143238573840342  10.046904782395458
4.7053579455233185  3.7059446663350615
-2.2060684506437283  7.740226486696099
-6.32102161653307  -5.813904954360346
6.521659476224071  2.999426069388989
-6.803848919672647  -7.710944233806661
5.776790719461247  2.2189128329544525
-6.7723326076214025  -6.5129389053137885
-1.7406461036810321  11.24829122018138
2.676848822751536  1.5485840656006684
-3.475233411347545  8.537391055630952
4.933418549095659  0.06379198863735103
-2.57276085054069  10.577562121630447
-6.778529249171323  -6.056262522163401
-2.5143857872078152  8.073783933698113
-8.883671784780514  -6.4297274742042205
-2.654321059639487  10.564221637873885
-5.68917639107998  -6.576733917149141
5.535653461291998  -0.1388932860590366
-1.2426112163211351  8.636937770655786
4.6994927620481155  4.345881096293457
1.9292994152281293  2.1678148047224464
-2.1359238350594967  10.797734798988303
-6.607514163879152  -6.819037664434639
7.2436998734734095  1.661770566949048
6.391287592613864  1.1168353967494054
4.12450135853747  0.796590557241101
-7.552536120423039  -7.410403404704968
-2.432977431537738  8.225413226733787
7.61793372378294  1.269911786449248
-3.0704873887402  9.81431037085133
-3.9760669616104796  7.7262925064645245
5.719050980747195  4.019525189446271
-4.03753836258964  9.018819377535273
5.513340206714628  1.8398826373713604
-3.357150243395417  8.03348838070082
-2.6981064758782525  8.923962432583421
2.960474970639316  2.1709275608973297
7.193382911801479  3.615931658844771
-5.95469849519074  -7.702538495541225
-6.658598115587034  -8.89072626818561
3.9770718008933272  1.820741553601489
5.654205295182175  3.712939582658092
-1.205704534532305  9.680193921905818
-7.4348097136912354  -6.787623425573672
-3.0948168855849785  7.2907038762538505
-7.9623043208010795  -7.954222033989514
5.145644163721825  1.3276685875730445
-6.687177828431064  -5.646743845123776
-8.097181752461655  -5.97630654482904
6.696866744129465  1.1482620941218609
-2.688979334859309  8.758891766591777
-7.151831722994907  -8.210678156695346
-2.7835593420083717  8.659712183520018
-2.848228606240909  7.97728726176281
3.713339940277733  1.121919297750144
-7.953891206984526  -6.627437981907703
-3.0879290212584434  8.77239523926574
-1.7320848708314083  9.196229697540796
-7.566863563115662  -8.57004679721423
-3.0590982286613624  8.778466408339131
-6.879374998202733  -4.996791829945053
4.137763587532208  1.0946226298627693
4.261608363825185  3.3608296303091696
-7.696018394742974  -6.725171416644195
5.094325060649979  2.053699314343576
-5.0965496196001325  -6.061581320756249
5.054486457681285  1.8236959617514779
-5.710533591556346  -7.365216838907579
-8.234426122353137  -7.384894367595852
-7.0103712172301975  -7.570129911182475
5.1435752298586985  0.020488178213417196
-7.754313511171424  -5.876907067847703
0.902497134856588  9.703416797643143
3.2506029159470327  2.923569837043905
-1.8646252077443604  9.832632510478332
5.061232848088558  2.5291033915689307
-3.2396088085269787  8.215055753178618
4.7856774834514  3.1453020582166507
4.678190307794003  2.0610781595848073
-6.355485578494181  -6.497059971557487
5.887716463238181  2.0132105102172657
-0.7234251375858087  7.839416844694539
5.39769537930338  1.6149441135091984
-3.3860573799214375  9.709978454947622
3.9463120448447673  1.072836858672729
4.822761814049274  1.8961994764834091
4.677830322954451  2.690595417660873
4.5298786016995365  0.038275558988554614
-4.078349889104786  8.930255732813261
-7.289246017189629  -8.027520609797605
4.7356237707802755  2.114581248571273
-7.557871223324209  -8.28000169100483
-4.919645690937791  -6.439396736837972
4.7278048328706275  2.3748939067516797
-2.0168536643083637  8.442862622383773
-1.1387562271096174  10.111392210943235
-7.662407046648058  -5.468138222023627
5.090399970805899  1.2257073141597288
0.2596467768336518  7.075544240895675
5.363556674312288  4.206847318440025
5.159195805929507  2.643298842373217
-3.7789068938386094  8.645085998871176
-5.3541990560114385  -7.0261569256189516
-1.1435686123072568  10.45038900547575
-6.381212372691063  -5.170719235354196
-5.860302525980211  -7.466922950001634
3.01343910973637  3.1184596521908357
-5.946506229087394  -7.343397803058505
4.088090086433344  3.465854391700173
-6.4879586729873795  -4.089058871230045
5.832024932836952  0.579542148626635
4.136666151984131  -0.17244042640254564
-0.6906812478725739  9.985988572807862
-2.2076955646092244  9.048327776086587
7.276573376398294  1.6631873662008925
-3.629300672837389  6.421289823157339
-8.194128971362733  -6.519830326796917
-6.764104613442489  -8.705850685246709
-4.56475519978334  8.714309981361385
4.406216684364015  2.117652836442057
4.616499618652074  2.767749451775317
-9.866136255742623  -5.998411175163878
-4.135359066533301  10.094468167205463
3.7429171854741914  2.102159559056916
-6.06163575161413  -6.872976880168817
-6.769188783662669  -7.608887741587886
-2.139082486548476  8.879051272298074
-4.656757078510144  -8.521552347086585
-6.566940057944964  -6.497063215049841
4.949221518587456  1.5778122634753315
-7.646749713058647  -5.490780461661046
-3.0043041927986716  7.382179004393292
4.412279039751215  0.7766170407096464
-6.832996417237408  -6.728142106873159
3.931369717977929  -0.5511776090567704
-6.871785020307725  -6.57435766090833
-6.720491064886113  -5.7130224530299625
-6.5393507381317075  -7.629174849951349
-6.137792635655023  -6.920574117952427
-8.397219671824809  -7.3074686425537125
5.5671604842336695  1.4517165961023129
-5.385067170095121  -7.424492514850214
-6.976609061604949  -7.895161512273051
6.1500018746812755  0.9535712196974853
-1.837805370445945  10.432514323018443
-7.183404241981551  -7.179539786945891
-7.2582794059278575  -9.095174854899563
3.75618825219176  2.0563919782058817
-8.785159942892033  -5.829602723260385
-6.207329833743755  -6.133832623011038
4.5909209087515315  2.992167553803209
-6.3544109514070435  -5.309355806436167
4.934488355671391  3.5440319489622887
-0.7789517534457575  10.290122360736069
4.11002393413379  1.7481645806558463
-2.8318069924176412  8.033380014482406
0.08492736426451225  6.792021863232507
4.168079725725239  3.197938890037708
7.578444318603216  1.834792828586906
-6.80607567591329  -6.972881989228926
-5.246155945524769  -5.738818026354777
-6.2634098093835995  -4.390384828388253
-2.761908328942431  9.870661231039644
-5.5527563265825375  -7.496190996084801
4.700513478825098  1.3037168635526473
-7.653329625071589  -6.42836761376984
4.290057745809585  -0.7443445090848906
-7.02774256778243  -7.582272392822623
4.061575016002799  2.6579856888168925
3.9643875978992495  1.8452686779361458
3.2358669464871017  -0.47397513361104643
-3.9442248524339694  7.952197691706818
-3.1036475257804845  7.735701796222568
-5.7748748194428945  -7.344928618711514
-4.906186765295994  -6.675330004034263
-2.1958215396182754  10.718526647880505
-0.5638620021031534  8.798443422153104
-2.028192914942752  9.590522016747205
-2.816868996624395  8.702675851366285
-3.653175259946173  9.95445608514471
3.82500733452382  2.4948736536121556
-1.9676970671527436  9.403994009757287
-3.9314954035289102  10.674051839779747
3.1783620561743775  2.4538388003495917
-2.815082900519807  8.860729600785119
-3.6812092653178032  7.257083935930349
-7.202861769803847  -7.759191360906112
4.418179781767492  3.577070187699823
5.8456167877109415  2.6516895248227086
5.204578618151828  4.29806016278953
5.026442666507306  4.02711223621926
-5.89287641279902  -5.343044535948962
3.301104557918083  3.4440354527260344
-5.8924192845684615  -5.561558986974163
-6.9585788718217785  -8.165500906238952
-5.482524169786521  -6.695423278130792
3.9085703369363274  4.546144839182875
5.198413891085315  2.1128485132195873
-5.344855171772921  8.974075049156319
-2.1248528351084706  10.909440204845849
4.5155231081132685  1.0382049707431484
-2.641460844555695  9.289793391767919
4.168045442981924  0.9597144887267683
-2.8313608804712525  10.058565522735687
-6.036138663676682  -7.1058372882225145
3.204407610875955  2.016586728698003
-3.0209839187028207  8.970348677517634
-8.022471522880634  -7.919198408865388
5.472675849487663  3.222263022494636
-5.739310643241145  -5.9690156092509605
6.476589559317819  0.618405245839644
3.3128849181114846  3.1744581942439583
-6.661274585051943  -4.009839628574406
-1.7060314975507895  8.257607006034794
-4.919510543375808  -4.540258039076891
4.479393946362142  0.5956198426372177
-8.066100010225158  -4.832516104057453
4.231172081638259  1.9971373567912756
-0.2850006882048676  10.118863751252572
-7.604442898099172  -6.967700531457492
-3.622030993263591  8.343547006839923
-6.718639961933226  -6.210892227723851
-6.952899605382282  -7.177921686845313
-5.847089574185359  -5.799319085537648
-3.533893586127422  9.531518600955108
3.1814752270411155  3.3808909221866847
-2.9852117609226094  7.638828219548638
-2.467523783135124  9.64933428581574
-9.15117740507354  -5.968755504466531
-2.230224770713085  10.085278711696928
5.933008054882146  3.0144473107973266
-3.928478171492915  7.575071634969094
-6.53230397664337  -5.630883764497771
4.254550718381426  2.693812289242149
-1.0492231151847549  8.096124842218897
-2.1655541927136572  9.326184994473538
-8.24428174115564  -7.081392772404695
4.933955637406604  2.9251978954933433
-0.999228801765254  10.001288263879687
-8.447408731355734  -7.971744817586847
-6.185873177471156  -5.542977887084361
-6.083500343098508  -7.079538511594474
2.8692205961318136  3.0836876342944004
-5.673965892824359  -5.1792056440357435
-2.777352456760439  11.064185776330609
-8.4230804817246  -6.057560675454443
5.022374811856188  1.417229144068093
-2.0558884053676394  10.771182665802957
-1.6460929723013642  7.415464038722368
-0.8007358949087232  9.968539096142582
-4.064814257126092  9.940630837818414
-2.910562407350646  10.961550956253012
-6.999054625527369  -7.116863711313013
2.37008426973247  3.819426285599655
-8.010224032400984  -7.483814207853035
5.160074133179366  1.3934526336064346
4.585267017817075  3.5972361150839833
-4.042625054554464  11.02869106816482
-2.364898356464994  8.971630778816005
-5.845844028223595  -6.524240211735174
-4.269077254967773  8.845967392320125
-6.390944891212952  -6.624937414641625
3.6127667905750145  2.27857463064929
-7.20277934438949  -7.81049251837513
3.4686675913619673  3.527624312076154
-7.834226811345271  -6.2024093024902
-1.4680709648932968  7.293577565332774
-6.201968670417615  -7.686279068959948
-6.873320376730555  -7.110160394621774
-5.736305778023196  -6.826792692749646
5.958991716754978  2.7904703454109456
-2.3095452821910873  7.549077692317042
-2.3849503326783568  10.10038027161568
3.619754351831302  2.23295426897733
-4.63302143515131  10.133986220399345
-7.133767522665059  -3.2454507013053897
-8.340343578865662  -5.6639670301814125
-7.115168357416104  -6.078029914852122
-6.378717934643871  -7.564864709692458
-0.5085048319006407  8.816657230713082
-3.288344094638193  7.158452525431381
-8.542928849921838  -6.971243394462095
-2.2057665042439494  7.654871419799884
4.927499276924043  2.358842085012876
-7.469157293554894  -7.902759968601555
3.2824751902128146  3.3702365644412673
-2.760592647016965  9.403219064347796
7.889280425732332  1.9842047947271075
3.7589639971956346  2.313362795675506
-0.1836636632200228  8.135598395910943
-0.304755449815308  8.579058021950187
4.490636641100086  3.8650545794454136
5.840179137738167  0.8547817445000644
4.432245933073444  0.2626207183730196
-4.1421479411165665  -7.131018156478965
6.184232336772494  3.0912511971815286
-3.3238939257448066  9.44068003700194
-7.140904334748984  -7.146970856640689
-3.2273258470958557  9.469848241207696
-2.449032890073301  8.193103729633993
-7.7391570241610435  -7.385674006795222
-7.078605269024922  -7.567410763265287
5.406815588057146  -0.09843356465196806
-4.850637018503708  -8.303754388058323
-4.4832530320219295  10.096113842986195
4.264026837515912  3.551776517375628
-3.892437061957776  10.051625133471754
-5.8865072734244865  -5.339779861593683
5.589971766800816  3.1250150409707222
-5.874183714587016  -7.67071682741022
4.656815784999534  1.3264536251535526
5.323958162347554  2.3579361363796867
-3.2400237666923193  9.965593182921094
5.8457891727367  2.6134059283032487
-7.3969877010211995  -5.47070495143111
-1.0163837973343688  7.54127278999384
-4.4525956472773185  7.813148857916143
-2.4475332723970387  9.707549587597867
4.192723426285661  2.3258098033817096
-3.230468440283972  10.167811695930855
-6.656296571969201  -5.629822979949882
-3.198258800397925  9.903028532640095
-6.4968477127284  -8.32019546146761
6.446050793239431  2.4814788822429192
4.854312378133112  0.49679562532268556
-5.895221986514531  -6.017672143997263
-8.418225374625065  -8.289148801384158
-6.2000141131485575  -7.732320065782577
-4.509283519728777  9.538128307991629
-7.111446483666935  -5.932497320432037
-1.5139738959087543  8.675005251963821
-3.3011688653589455  11.161903921198649
6.020049208598449  2.8443109706592242
-2.9921928565363505  7.9845042359467575
3.2656501029720144  4.392265076529986
-3.771692541270525  8.895273117006994
5.44276924961294  2.522304384345415
-2.3252231430859185  9.861586454248757
-7.262154969274305  -5.648566224328342
6.221994461921542  4.346952911847688
-1.3758836614803691  9.009711446840289
-7.064471430959543  -7.824018220440878
4.548342944998583  1.1645334235726508
-5.911399421584117  -6.433479403662219
-1.624134210085046  7.0580721345031
-3.2283468510828053  8.480998665854512
-4.369335039879515  8.589750850775356
-4.311827799291391  9.036954328762892
-1.5769200114725064  10.933793807100113
-1.2499336180983196  7.965839251700866
6.451122170676093  3.0499539476291857
-6.199518898109207  -6.618330746771679
-1.8258554736621981  8.644324746811057
5.459823360730351  3.5813891576586943
6.333523253222214  1.6406527360862677
5.4042265734335535  0.7507760388810515
-2.5841642908949884  10.547605026745636
-1.580667405631227  9.505555784947305
2.6342153254795444  -0.27052893400988764
-2.676158545127777  7.272747802143887
-8.476226412260509  -8.08540976764502
4.726943523974936  1.5274646814290107
-3.086473746213877  8.756280751202718
-3.060858890005286  8.2061164950799
6.120143688026302  2.2122110639435664
4.920169016022494  0.6959818688064918
-5.217834672362032  -5.843791974114278
-7.305897096822148  -7.196909209800518
-7.926774164138531  -6.075344699619357
-6.800089830534888  -7.740881893491087
-1.5631472358222345  6.497565888045296
-9.770778576102915  -7.419520525628589
-5.664390271495669  8.014042618650048
-1.5839762706153335  10.749324106885224
-1.936677974066117  7.7299348102080625
-8.477441140004133  -6.13182344869155
-5.432617193034265  -6.311023247453113
-8.020666212666235  -6.687076056427166
-4.057652484699119  9.883502374425822
-2.8636934085801107  10.57578576885607
-1.6190831486812014  9.146319511917573
-3.4494624120484105  5.8853895978711686
-3.7132240274113664  8.827422741653633
-7.035484644681543  -5.249683082794841
4.770212936904007  2.946149233065389
-0.9388745746583922  8.417570824808848
-3.070658199169775  8.337333695681451
-2.7318515334338396  7.278612372527897
-2.7434661098085082  7.009552293421456
-2.413668292437949  8.677034376873024
-3.4765488087442034  9.53484584883373
-7.3297573933716516  -7.075087639783845
-6.719559378949674  -8.13949354064967
3.5956500607659376  3.3844449071129876
6.369544132247548  1.68916289206277
-1.2728996520830373  9.008060195794739
-5.377389238477803  7.92732211161884
4.229566281190681  1.8974391909513373
4.286052335058186  -0.5642092347244888
-7.342075148782403  -4.349060998946017
-7.283150202037111  -8.821034718387779
-3.2261973031108404  9.293662767169577
-6.830432560101309  -7.035320719743221
-7.830714555917698  -6.470309513021089
-7.075934613118898  -6.889673205301717
4.445166190756722  0.17661261447261417
-0.9436264378072852  8.720822705652793
-6.085252670335857  -7.547103612646662
-7.632130540801407  -5.651957687115107
-6.352063892284188  -6.389540083892579
-3.5132241246956433  10.035914380791715
-6.662132919446547  -7.459288988924942
-3.097957763016237  10.469619452343123
-8.165091350676102  -10.294413222552365
5.291905313813387  1.855275523162847
4.7241490195583244  -0.9156292160839437
-5.553670043687322  -7.254528173674443
-7.663614595858868  -7.7105758738212336
-8.832534241727577  -6.678856289244975
-8.65162826068464  -6.819895919139889
-1.3270482977137843  10.6291913586222
5.127959740546933  4.830986787316846
4.329549204924732  1.7003925492782992
-0.5372559220722231  7.4826278180658665
4.523811858501343  0.34146288628615507
-0.9171173207013545  7.971015765692308
4.804246011779353  2.297787013230063
3.539636328004541  2.0822994153665997
1.6312954733891878  3.3606674213520646
5.263242873258021  3.565001341187699
-1.2457218388131595  8.37953561540945
-6.508982701358536  -7.490628918145535
-4.5057622895888425  -8.183025604068977
3.3353203757393772  -1.3231154604317295
-2.8196575278833165  7.883423839096406
-5.325077837762905  -6.016274646744101
-0.7942396318361022  10.338383822784131
-2.214945199076114  8.995298410584066
-7.352838490976827  -6.976489930408359
-4.055502860908437  8.761897479585686
-8.9946201695862  -8.083021811649623
-6.203266401394397  -8.934617249625783
6.115693960933969  3.4291956161702637
-7.254990143654564  -6.864172790256423
-3.2268474158101994  9.257684324537742
-1.8484359565861612  9.297652788865742
-5.967724505760014  -8.121488895590003
2.6732057087151917  1.2385617662810269
4.336047390557632  2.2429337986165683
-0.45901224615861397  7.836185446841328
-5.154181732713856  10.104106990915026
-7.254825247893477  -6.043619822269152
-7.585731200062409  -6.778279130328804
6.816813696489967  1.8753091586072375
-7.289660964269851  -7.611123012245848
6.256012788159557  5.5928540446143025
-1.914534489255094  7.5264224778631
6.279720881887796  2.6779945869603896
-6.222732810582182  -7.053830535942461
-5.673238225391613  -6.060634825419807
-2.1330688873992907  9.680796417220675
-0.9892627867929951  6.988577907718472
-6.503604748532679  -6.832150570065705
-1.0159360003121174  9.877440158720887
4.9272685700162375  0.6183976615419156
-6.33877274145335  -5.221425618902305
4.510954931273125  -0.07402476576175405
-7.46574895790125  -6.158115874972922
4.906560357300991  2.54357358063341
-2.6822768105971866  10.903158550484912
7.1273534583282245  1.4554386537685182
-7.5418315180661395  -5.264650574015318
-2.228356864727046  10.299105885821424
-4.293265828932282  11.270657704476605
3.5158091236076383  2.2954281763163635
-7.043943349173433  -6.743340595861098
-6.666285933700486  -5.869314186816816
4.3807217880947125  1.5991189554542853
3.8086443853222884  0.5963126481430409
-7.69654609215897  -8.136077525085419
-6.494325358302923  -8.125876414551747
3.876739431413335  2.126346277640908
-7.7150820435320275  -7.3133433115218835
-3.026005798100021  8.008201755654028
-1.0429626064063287  9.440273966827707
3.0984210016990614  -0.36701752427056283
-1.893306366573756  7.382996506221907
4.065053887664412  1.4745016948893999
-7.095690627734236  -7.28882716087015
-0.9832906216303218  11.59064239404383
-6.321063401656945  -7.950459807100076
4.31303399865572  2.660295471079637
3.6937363703900044  1.9064549566196112
-3.1118828646405916  8.581248431921201
-0.7173057263363306  8.814566354569646
-6.442794611761074  -7.700377776982888
-3.9245186515941626  10.456733501472556
5.662923049031602  1.1306552088761697
4.51080713167315  1.7575023234740281
-6.744141235386463  -7.609673004339408
-0.059212668432084725  8.200950455907071
-7.478899908347909  -6.768925583019672
-6.786994077577729  -5.6777326189409
-8.555009840919302  -7.532706426494016
5.397350920404516  3.0426131951328177
-7.721367347873604  -5.8547315093291985
-2.7636615540355467  11.067213692959237
4.92725061895281  1.3841699248810029
-5.160057558000032  -6.402922104989393
4.133418997690223  2.9439108633639686
-2.3901391220903365  8.666926650043514
3.4202908131574308  2.431402565875012
-2.2115757821071576  7.842422340581655
4.816555816234953  1.7696361550543966
5.014710946892474  1.6262656272969418
-2.2076603065750837  9.819275758473815
-3.0742980208563084  8.963614402419044
-7.27200732271668  -7.106321632616241
3.430803968577603  1.443441457978668
-3.211273500873701  8.831095990631345
3.848836137283036  2.4099228594207998
-4.1797226869037525  9.708593237400152
2.1858524828341874  0.9775211134162536
5.647022117242902  0.7234683203874052
-7.322524526373673  -6.648057440113838
-2.6389665431100022  10.640556759333796
-6.43547923550869  -7.902739194643207
-1.8955997356765968  8.144455968476702
-4.847902935858895  -6.080534356423676
2.864456289550232  1.1830338559785107
3.1470862175232925  2.6032272898222066
5.396618073598483  1.3829734252875792
-6.470519801914985  -5.453175116157153
5.004499409784282  2.372678015933233
-6.676982677879677  -6.9652371370189385
3.413565664080289  4.130113419620461
4.097233107279058  0.7804110592324236
-7.763006535446324  -7.082489459152075
-5.826852258600509  -6.3245882669450495
0.010115263688408094  10.113058931035223
-1.8434046478991046  7.866724979372133
-6.580916830046024  -8.59661284699065
-5.501582549558526  -5.012582649930838
-3.268003314360331  8.329311316899178
4.617814734421544  2.335150209386698
-6.954749472366702  -8.021727562022212
2.9710368615006355  2.392768377351626
-1.2097075924130283  8.552566001952222
7.206321833390207  0.9870955698392565
4.739545710675469  2.4418375645395236
-5.940506966955422  -6.181568866493886
-2.9259746417147716  9.547826005919607
-2.4435986706423822  7.450990137708848
-7.055878697804191  -6.1021672772459725
7.009095698519361  1.3203605792622293
-6.640041396088609  -7.115514338166732
-3.2227130805765114  8.692006310172033
-2.7726488517805574  10.361106658182393
-7.319616189177027  -6.940502254641519
4.143074921441949  1.8509414522915724
-2.0574211231352155  9.65024171719345
4.100415909794851  3.212552360862709
-0.5809462731037436  9.34379057669674
4.458166416268374  2.2519137757682803
-7.109864775946672  -7.379506448332603
4.093620686233325  0.3796079579978745
5.378452738503687  2.0698669008050903
-6.776601315974715  -6.7981530393893514
-6.458025675678196  -5.379884274810154
-6.735220221804904  -5.847211164244718
3.4901679284836673  1.9987930642602878
7.0257473511803505  2.601896463005083
-2.526796550060837  9.795756039321638
-1.8488475095616297  10.32397660209491
4.465391368688744  1.139765329378328
5.89605307324568  2.2666137917747196
-6.2935134288276995  -7.053743723651298
4.841962409802411  1.5232812242834577
-0.8508556658640898  9.497362138091244
-8.522112734048715  -9.584445236011906
-7.635215986456405  -6.982823034885309
-5.620263711707215  -4.28868376001823
-7.580730930708486  -7.556309046571855
-8.006614233454075  -8.18874822481855
-6.271974033092843  -6.312320873768225
-7.184708628026958  -7.5775209185334935
-6.910233214621941  -7.28406287048045
-8.664875664816371  -7.5757366356548745
-6.751854419890044  -6.452313495187222
3.5694941708797856  2.7319847787147644
-1.6393731391119066  8.360837557432463
4.704141668784878  2.079850616602194
-7.225009688294492  -4.216907168967504
-1.5984131662145056  9.205141010443823
-2.0954284595836543  10.038462423401914
-2.501196801915632  7.695951051593406
-7.011981730338619  -6.408003956989518
3.8847849755014114  1.9572753010318016
-6.804427083178136  -5.757231820650419
6.570105904076011  1.9253092944571573
-4.514617367810357  7.5589544603846806
5.588663898113929  2.157457688089151
-8.08556178772085  -5.742676290860665
-2.259498149238932  8.48326809305175
-3.8435632259855566  11.13134015311822
4.620318484570446  4.2934590476982555
-5.847654973205715  -6.178217352054507
3.947986227865939  2.7001271432767915
-7.403526407914874  -9.309083802654108
-1.6065242772843067  10.002817757125776
5.014113015928744  1.7423622146029634
-7.695573237633349  -6.455494448284008
-2.6501926464263117  12.898049780281465
-7.94751715391524  -6.321035678460389
-8.051893463520692  -7.761688099817781
6.408287010034397  3.122780718021901
2.4753383517576455  1.8499038771654672
-8.675360709395052  -7.532295691903583
-3.4213829427623805  8.26243930005542
-5.700657044725002  -6.950323639248748
4.32726941049925  0.9791948257094756
-2.3171714948051285  10.434651852399695
-3.9727019769900482  8.842396576398208
-2.7916444440870465  7.841259644926847
-8.415780939004023  -6.998166839044665
2.812796911209034  1.3416037511433851
-5.080091591912166  -8.181520008964297
-6.546985768944398  -7.712012483943249
-2.0106747846428004  8.254013106114302
-6.531441647571742  -8.178600011511703
4.668704152944114  2.2670629198719663
-3.581974622773098  10.134035696288036
7.971674391751797  1.2339110228572086
5.5350809019335205  2.398763650886985
-6.076926897965365  -8.171993991264355
-2.6904762061486966  9.093294161669073
-2.8280768777472027  9.130995358170976
-3.3619705741547814  8.403164019366908
-2.5086688824024557  8.792387852766623
-1.2621322442815177  8.998763853812857
-6.4165446669701725  -6.065850775796519
-1.7930115856402038  7.644440940695148
-8.014202693034804  -8.291468809813619
-6.538629461748669  -8.120019671117712
-6.605087757602241  -7.285762940543599
-7.809864738926776  -6.460241156467167
-2.7985288773071013  11.359934140683794
4.692437930570391  1.5023606504846168
-5.495139307440889  -7.117642994828525
-5.246210149728786  -4.571286274918198
4.62810298240332  1.332378099555833
-4.0194656111200775  9.337251411185179
-3.219214872437062  9.261249124318846
5.070055196827251  0.9626253121882348
4.941552355546744  -0.1980296603495577
-9.088394976746788  -7.26794180345314
-3.652960288796648  7.435945757544903
4.334941614379184  1.2769149020764479
-8.84461957829924  -8.422823495995026
-1.7943839008155145  9.685227873515263
-6.588377917572857  -5.121251618141021
5.099627963474086  3.049442300595609
-2.073927447532493  9.468802632950254
-2.4831341475590976  7.529344481372593
-7.450844796141328  -5.217924720012116
4.53543449214884  2.5337235742830613
6.003197440793594  2.105703474668
-2.525588999228574  9.39435444439543
5.681872901610686  3.454668072044371
4.3276345173035855  2.439636235151438
4.603113166784939  2.6976230283288403
-1.7996483707506263  7.562107261051206
4.950790064477511  1.8064424249530062
-6.530942104272341  -6.335475847642759
-5.7471281432352646  -5.133666182984445
-1.774312899623439  8.430508914952313
5.768834633056963  3.165297950896452
-6.831211140115447  -5.176386168102744
-6.750668213302317  -4.515074347951948
-6.131385628504952  -6.4578066301217545
4.391485521684502  2.3041424600652234
-7.3033186238525305  -9.769784887133545
5.202363366192412  2.2253232025526097
-7.846662273615164  -8.507508363305615
-6.559694882707242  -7.016605429662868
4.362603212474098  1.4539671455037704
2.648985127840938  2.217495478670018
-3.0004451024519745  10.347881363893825
-9.133991465808018  -8.871325606183007
-0.957594684004382  8.949680583571618
-6.965341823106114  -8.889880135996526
-7.8725091152034885  -7.317163181761941
-1.9006421605634771  9.211154604626985
-5.766341775963769  -8.126531816701833
-6.263023159656328  -7.99331268529206
-5.431999135289077  -7.978693068689537
-2.9837586892719554  8.641093879062694
-8.203545003700505  -6.801365281852896
-7.478541656178322  -6.288207302643526
5.491604744320345  2.0321011098522272
4.746441360245452  4.730868713039293
-5.590058617756102  -5.543428073984217
4.21126805228666  3.318410269234938
3.4660532493909844  1.2380774344308152
-4.8349578673043565  9.077627099415222
-2.2829298730555907  8.169982812439303
-3.4636483024499043  8.07108307391309
-2.7281883499355644  10.52405099539629
-6.495773612423365  -7.616378847245755
-5.2767798805976325  -7.491259236394411
4.491882474832103  4.270694013133248
4.2824357849477614  3.6906118276286004
4.841556040133636  1.0012498313722018
-6.539428180676729  -6.499833019050281
-3.323941273637896  9.096219680296334
4.950340771954956  2.263627492275965
3.7473919964240188  1.3348705498829543
6.392365150983403  0.5367292659440135
6.275424277820493  1.8916862424656682
4.551577242428659  2.8549037692621817
-7.301606579395752  -7.031380936101833
-2.0124144920709672  8.552485152783044
-6.571273593907923  -6.064231342154468
-8.115273995787511  -6.7689637043402335
-0.4409530844626166  9.03784194881706
4.611323350364598  3.162980182212379
-5.8324266393401585  -7.213384093650153
-6.979240619562403  -5.248316004098186
-1.9217469121428001  8.308801889683753
4.295729864060222  3.1194163743532553
-3.1601253132221325  10.162811649103727
-2.129395199526531  9.82810073774789
-7.900815013666396  -6.961300308780945
-4.006379040955428  9.551376089944345
-9.501915349864781  -6.250785280564066
-0.46248386271175046  9.770227494109127
-7.895867304685615  -6.272161890804994
-3.0380861915948567  9.468432851874356
4.969086811253995  1.553639809164093
4.191539268649656  2.2718798910115976
5.0086892972812285  1.301750230209191
-7.131437494488904  -4.9360786946820125
-10.145307357730921  -5.991130993302649
-2.4164445520728255  6.895567892331657
4.747619405614289  3.372894999354015
4.621106350133982  2.80370212858828
-7.743844787026668  -5.394548342602627
-6.3274038691598085  -7.472016147203839
-7.06340039716662  -9.080956042319842
5.140362567756373  1.4435354124083803
-3.0626698403743737  9.923386792271723
4.320115491037908  3.143304488747672
-6.016668651494895  -8.217105401895056
3.36605750457915  1.0248588517032426
-2.0058336444148503  8.227254753691161
-1.9331423885903032  8.514403765283447
-3.352514732175763  7.002735289487198
-5.061358966905031  -6.129986417787371
-1.6096057489209499  11.08563970695565
-1.862041596268171  6.911119456567306
-5.746672132392099  -6.498715675395492
4.192862456337494  3.033783690778927
-4.978170331978214  -8.348256483076545
-5.8838027265460875  -5.917721418806846
4.2678944585701695  1.912295841807671
-1.5292203289061914  10.149250136799937
-3.6503537043734084  7.977476551995191
-7.067115381412988  -5.832623461336015
-2.5765361583315416  7.421756350491852
5.19231617116536  -0.33050338851671474
6.205057929666095  1.8741887130730586
5.9609196815635475  1.2003222975679133
6.255878647207162  2.3598726533421366
4.9852184268350594  1.3518741899161912
-3.048887895083815  9.189347365080806
-3.272548230964399  9.229594061727978
4.253112253303765  2.625030333563553
5.483982244837171  2.1047562720869477
-2.8146272432932786  8.689932208077572
-1.814213962964054  9.530203507266478
5.719978982303877  1.9208674946597228
-2.716496854213382  10.94288447626808
-5.708591389609169  -6.151241321502111
-5.138704502925649  8.05610879452154
-4.305232832904122  10.974152266809616
-6.827192898757976  -7.656075176498473
-3.5450599537555822  10.081745280959174
4.077051880894069  0.6796386117275419
5.020559960860897  2.2616596689452315
-6.18502012649421  -6.368648957089326
5.204512543137279  2.7958962966413323
-6.7009240644666095  -8.094114737202997
-2.749863024318936  7.621995927999458
-5.6385954332019175  -6.541479584834343
-5.026806754079007  9.304266787104206
-7.225995401149052  -5.820514159915441
4.070798326507785  2.64591804143945
-2.322001382651182  9.204380504943174
-5.687857056099367  -7.100250965677664
4.778323021773454  -0.3330550325090641
-2.2306474539366157  9.938092291994847
5.5459127219096915  2.78428105753362
-7.139601322612423  -7.001007509493242
3.72650300236088  3.3344555220250043
-8.726547905120324  -7.124817939104519
-1.0045840811719482  8.87880044864918
-5.30300741773252  -6.560970987055929
3.1479548906399217  3.1480549369800936
-1.7533043226489693  8.235329869341436
-2.015381831201186  9.03549159029024
5.383527140125085  1.8026358963873836
-6.632704291213052  -5.8751317024272005
-2.4383123818260386  7.507710187667172
-0.6436246050077301  10.12966037386494
-3.2578672823978585  10.773473146514219
3.0183870127081844  4.539369720882848
4.578065712002272  2.6505559868886777
-2.5367895854838265  9.804119452498426
-4.2842002858428  8.696974010238135
5.342735757535978  1.0519819472787184
3.093908858518232  0.7879173836629241
6.109402029178133  0.6920079852747117
-4.104292340755267  -4.679837696521972
-2.008679728397235  9.737467619660846
3.5944206435107837  4.726745311968165
3.3847571447531823  1.552984435235143
-6.852873180140949  -6.841044814139952