-8.367393325146761  -7.216657062632192
-7.735377345314958  -7.29330478994148
-1.1422694484266718  7.909911536028597
4.407608337640905  2.843960443212281
-9.539169431501291  -8.146023820370702
5.1927959325534365  2.0116836434835834
-2.440329100483374  8.99786520519197
4.465520926157016  0.615734266363176
-2.9986101049245497  8.357842864797494
-4.480495614303352  9.61080957537023
-2.500863955388992  9.974570268760491
5.22437881252921  1.3858685553405676
-3.0481498534145173  7.643512029342062
-3.1163384913375314  8.580472202839553
-6.679376154352785  -6.872159700267947
-3.3903104240305115  7.958526197075443
-8.427023612489304  -6.292954720433427
2.530317559694606  2.8166919754334967
-2.3725977019567126  10.101757209038697
-2.074992691719419  11.773667927287383
-1.4628796286032653  9.44557793300784
-2.5436946285693187  8.781001229603456
5.56377322562899  1.687044219040669
-7.253690892552485  -7.599200167218976
-3.2106955999678863  9.185998932839222
-6.827731324802521  -4.438100787520539
-8.353658179480806  -6.187457318335544
3.540135608388609  4.058993165803337
4.805916333818543  1.2183577520413056
-3.3184821587790863  8.984154731583898
-4.019626231628001  8.939817962820289
-2.6005201531904456  9.555179629942486
-6.159836613605162  -7.693097444610178
-2.61415288623769  7.552634045269799
-8.618729981556616  -5.518988883814097
-1.8094450089161984  10.670150549932204
-5.7004590789461655  -7.261818768044405
4.958619257753499  1.1839063531414702
-6.748644681558965  -8.388853391628265
5.545945596316675  3.922629252119385
5.846166424891671  1.0202575043965614
-1.8727767708055367  9.434333498758134
-7.175531436844416  -7.564259745139748
5.539190795346343  3.1431420353959467
-3.2070347895688376  7.4178126606196155
-2.8442281582064144  11.314633873569985
-7.2289321022233315  -7.043100338210498
3.303393705260854  2.9913793124006514
-6.074617011631581  -7.951296934067287
6.237031423815025  0.744300084554336
4.278280806636681  1.4806318426907945
-6.241002727981002  -5.89730144705527
-7.841446817967846  -6.993617821217385
-1.2090944010831022  8.083763017950215
-5.472084680593697  -7.278452535953847
5.436860894806573  5.645212819059288
-6.898849581500702  -6.769062553331865
-1.8176299449173785  8.964521088927762
4.626183912692988  4.0234285464614015
-2.9870738692275687  9.850738123326291
-6.21643817883102  -5.583529385156742
7.12698238806927  -0.7023149933702576
5.269042491114413  2.6175003938528514
-4.212975556454207  -6.6609865470534935
-7.913210729812092  -6.421152851750667
3.470870669352566  2.636567064683719
3.4631708482138435  1.8339571212946386
-5.8165899604829105  -8.088537605320308
-9.381957384472983  -6.790585101871029
-3.420313842127475  9.345639082880226
5.966988156633085  1.9162332011733754
-5.757463814665678  -9.09109125770712
-7.307794154571087  -6.651891330983512
-1.3375533075936383  8.413137864669594
-2.7669270618740134  7.046810662956822
-6.785743645704609  -7.0931076209631225
-9.052446146128935  -6.116819948823144
3.529108929287559  1.6844508941717409
-3.843431226560094  8.979038463580919
6.832598190933991  2.764123362096041
-3.5113258937701444  9.966432987905945
-2.58830854383293  9.685168933041542
-6.476282334477623  -7.659152808496445
-2.327651154744296  10.184695238728578
5.4456970786019046  0.7172674642769149
-6.603608556935275  -7.486093678153904
-6.514516660188455  -6.592768646159239
0.102187810075002  9.279742849984077
6.348168037891962  1.8516455036466548
-4.319835442981254  6.858314175002713
-8.121898508385708  -6.622696857397031
-2.8816309543664134  10.75241180624123
-6.293097935220828  -6.594455380950693
-0.974902905442811  8.154681947995172
-3.8607782010012692  8.78168864636777
-6.368660328139884  -8.219014135806779
-7.951060531856176  -7.748883225438255
-2.6593942368651127  10.297367326507588
-7.5404259337452375  -8.546252754014278
-6.581045685221537  -5.03686397440805
3.968121435666661  0.481238869193791
-3.0808104165331294  9.708163111063609
4.2372731803011625  1.0557498582686133
-1.475351376729958  8.638601064619719
-2.0984646660836725  8.88722934970182
-0.6420692537886417  7.338721591926611
-1.17517769831319  6.7141444135284845
-2.629304036850099  9.084557520396292
6.718898075744347  1.359334106223684
-8.77726268630503  -5.925066633853454
4.731962343208287  -0.03460581619637193
-3.4969251663281717  8.460766553008337
-2.8886758121617246  7.496906792827788
-2.785921116711742  7.526622101844856
-2.326680395501483  8.168692242159887
4.604546681586969  1.534176860401189
-8.614818806180752  -6.3680561021843936
3.6333227841550046  3.798689958032255
-8.581660439300594  -7.176349491549237
2.984467306895212  -0.15753906588421618
6.401511022516745  4.203484187685761
3.63753749381645  2.069055420990356
-1.7649401690982436  8.359751017228065
-6.154624159653684  -6.663229848426818
-6.4839113441945555  -7.497055097309589
-7.82961443211931  -7.882102026042176
-5.677160433624682  -5.724626134478307
-3.383525110397006  9.817364242275158
-5.394650954378599  -7.318095819576404
-8.161712433301435  -7.403806449869318
-1.6706547243111365  10.522227812894458
-3.5192546544397967  8.224908601961365
-2.2269813248912578  7.184008197820946
-4.045116457385385  8.3228097684166
-4.001101768344202  8.05607850380753
4.83082104289425  3.6464965443940223
4.33049942228988  0.6652055906289883
-7.517001338819844  -7.513087230132324
-2.3222408086176634  9.043200728180283
-6.8952212285544965  -8.040845586832376
-2.572431232740512  9.197890320689146
-3.106228805522096  8.570577975898367
-4.002363147929369  -5.0112334468456075
-2.276813149250526  8.710164418724235
3.4342439839558194  2.046898271555814
3.6533255766212562  2.339362258986766
5.7285979958673545  2.6130406403150763
-3.38144829255094  10.598536995500938
6.2044750177547545  0.4987426849924571
-2.9967925829950417  8.973534083830463
-2.5154292463371744  7.551662364592027
-4.193288977842487  -6.706715946132287
5.758572672447662  1.9596001196394934
-7.990003940513949  -5.990433397236533
-2.1597368250670814  9.93085988521824
3.641980161043995  1.2429804815886718
4.431330079059793  1.6013263756306901
-6.908306151910263  -7.743652314704942
-5.883158065125609  -8.992807415836491
-3.149058076440102  9.72817012973385
-5.693847366105538  10.266722897514702
-8.831965320174007  -8.36080033784823
-5.1223151114409715  -6.461137825794514
-5.3541239361728685  -7.763866987906546
-1.94618782989878  7.671241945097648
-5.880937242561742  -7.746015561337319
5.046553451733306  2.0763726754695337
-3.2130410536150475  11.628299770210981
-2.0129552790554412  8.9827437408523
-1.974262260353613  8.027703617646939
-0.9620895358243119  9.707751818156048
-3.2642735003957037  10.102066795819889
3.627053759040941  1.3036321113524643
-3.833342736853437  9.231389864513542
3.452139706863546  2.4460034533078394
3.897114184766001  1.9164894924417037
5.4389989233702085  2.2758550175311756
-3.2077325294080987  11.230789168722033
6.9023365384698945  2.5398410384549326
4.350212714323698  3.4254675940738015
-6.246087677683864  -6.691839282334031
-2.9591446350399795  9.571635387961695
-7.728203799791197  -6.253693278160459
6.4203519647576925  0.3072462284380168
4.742559584242519  2.774536938559
-8.610697505379763  -7.871669890708228
4.911656724453679  2.0088163580978264
-1.3390197921402007  8.600655553157823
1.7988164756827567  0.20432294716322452
4.880681195881416  2.049563301787355
-7.683141143438238  -6.119246803466934
-5.3599123778318924  -8.446657425254267
4.139384341802628  2.1076349417607148
-9.216504388310396  -6.5470883761795555
3.77755178773064  3.000673554478848
3.5783477146298877  3.3425826670876897
4.3955590009563155  1.4690836075250857
7.558746082320306  2.180991696817534
-3.5019447248791176  10.238893444184733
-6.613659104345588  -6.117006088519801
-2.043326416808439  8.421823773993632
-1.3917602149842272  8.379175002985843
3.9790054954407705  2.751622202830735
4.803563862781166  2.216056080648778
-1.7847414841159421  9.630068894459699
5.375616375600261  2.9501254501205523
-8.14774618661189  -6.106946774883923
-7.233046772160086  -7.264568407276191
4.956159688646936  2.3726906302611006
-2.483715184924553  9.0008869068301
-1.96210873590133  7.814147386917396
-6.727880123345524  -6.325429398573359
5.685184625289666  1.5684871661413093
3.110108045916878  3.0934949438173414
-6.624322873779006  -8.125897443183607
-5.927923620555747  -6.808109438092477
-5.794142737270489  -4.821340516655209
-6.926012611531739  -7.456095208251921
-2.87371187330875  8.286489369263252
-6.513504031550633  -8.770215620857774
-5.1871763585976485  -8.275431491323253
2.1712990336059574  1.5550913384571927
-7.50331756408529  -7.3315640978683625
-8.287105449124558  -5.769683094978422
-1.8352641801949487  9.965225774490728
3.5761891980248444  1.7158201354086267
-7.514628522536694  -6.441977048009382
-5.8918827589546305  -6.24417821330745
4.559605806257977  2.6737490814260414
-3.032690147840128  9.678402699323348
-1.1380505036674493  11.257997198127093
-5.6211962736558085  -4.925662833929424
-3.195599850746392  7.686902543625601
-8.561438631281002  -8.977649224323509
4.611379101804934  0.1316276500643725
5.105087554516746  1.1488920256370931
-8.188439181173036  -6.962997056613942
4.266201976715777  2.43752645988194
-5.650096368158773  -6.514795501801404
-7.139903101609109  -8.335398725341415
-5.917775507263183  -5.443361400360911
5.090913681973628  0.6715248773479978
5.76361684549865  2.7858509284727275
-1.4837980002226252  7.362455425857096
-5.207562097908137  -6.130474300163693
3.0158793224889595  1.3966447315079125
5.438018809977079  1.2725281898598553
4.597876875542675  0.936670694077147
-7.027822988406662  -8.57042374850054
4.345794953670497  1.9036314454878946
-6.376709784350731  -7.314421790548794
5.2632732173981465  1.8530114848655779
-8.882408882352799  -8.442155160001269
6.343355505041567  0.43584408259907864
5.933433507414756  1.1714090103027508
-6.3910415634146425  -6.161630825714388
3.542600875070116  2.301699896284828
-4.07296631748787  9.37492231956277
-8.286490255349852  -5.089952400556476
-1.631571250781032  8.428476798603345
-2.8342511765674394  9.604192582840394
-1.79610612475221  10.56831107151257
-7.3683223050040025  -7.150547799609691
-3.492639933705047  9.150046372610767
5.627746049766814  2.7406567047518684
4.0211923008413715  2.140053040068592
-7.486464684614306  -6.999237698779294
4.387816889771613  2.161672522798354
5.756083387118077  2.6770476859075667
-2.6552656206280068  9.507441724488304
-0.69240452908498  9.377505383169629
4.839148854010861  1.1573995032987052
4.117389719980387  3.435490299871379
5.2866690171269655  2.045176479523864
-6.702643543876556  -5.145964727013106
-5.291282159022633  -7.628634447665541
-7.391209171666899  -6.2416166496668275
-3.6623826209961443  7.3339519208076265
-1.6225442183584717  9.033456663757681
-2.755700156628391  6.900293328498254
4.006495977873253  2.419010877925952
4.9543327060240685  2.895137434830022
5.647964912714788  0.17252352525443715
2.755980171441634  0.7742357293385591
-6.566044112392765  -7.537156782494511
4.464088582807608  1.0278689774295755
-6.209226219431392  -4.984132636235451
4.968595654573858  2.8687025312777967
4.00499388151511  2.2327323467061873
-5.886783008236542  -6.2092995680933
-2.178273039141783  8.044070204361628
4.27552476043886  2.9502682955938364
6.437936024971728  1.549347054709806
-2.390622915352186  9.265276896370592
-7.7210641484597184  -8.28433838248688
-3.6812650239750395  10.31747724296688
4.420788608770085  0.8851026461724668
-4.5694685215124045  9.001315874930865
-7.43179715651317  -5.6193688962267565
-6.359879137768303  -5.576513079188868