-10.317947519377473  6.580211796060113
-9.561880760825007  7.49842100810374
-0.5352205055927515  7.644100488029475
-6.938958493519499  -5.598885895198977
-11.361128489998022  6.072385706037973
-6.650122974798219  -7.661106980656677
5.119686099401923  2.77811656823085
-6.657235568716039  -6.831856347522854
-2.0876130154576575  8.528819433852412
2.8506956806592036  3.274122441398112
-3.231641700353955  9.91839600703268
4.941296818156083  1.4116587763015085
-2.0654854368877595  6.4731966362155156
-3.7993546557101485  9.93533691783024
-9.920639198472605  6.867951211686256
-3.046580510410833  9.208535833599782
-11.021928093932292  8.13792610702803
2.9678509686011014  1.9997057181994378
-1.9568604334090032  10.62545553997861
-2.1231802653873433  10.68916011861966
5.6457056883328605  0.8720128057121665
-2.4248390418594084  9.334170711778425
-6.134261866799698  -7.188016641926387
-9.696561548953056  7.449101105279549
-3.2047052892767547  8.387170850012838
-8.824269656429399  8.75942743051966
-9.959052622628931  8.028734270241003
-8.710681241959596  -4.890811641842126
-7.397952325899416  -7.474164477605858
3.682105421294517  1.056606068267682
-2.891642491438546  9.037114423686704
3.568675261020716  2.7270361035865474
-8.194531137887425  5.585282684546122
5.35916133278133  0.6127530120485157
-10.814744600510831  8.941081995611418
-2.5216602146237994  9.899349018800791
-8.309896480205895  6.342353569424013
-6.030983797349534  -6.937349006240584
-8.72575363499477  7.5968932501691135
-6.747421830927261  -5.217798686096275
5.817873220506989  2.0319057579737887
-1.6103681034685866  8.622657950824628
-8.966986370690273  6.728823501617864
-6.921581083467825  -5.906940117124004
-2.029857118670451  8.250480880845956
-1.380793394970723  11.053798612571288
-8.53932473540243  6.7057060752173605
4.628562261181142  1.648425847785429
-7.777735734252601  7.439912726323744
5.836598631882896  1.301666173425619
-7.547534215197024  -7.588131369483155
-8.709805403565921  9.39593177790192
-5.63446742204858  -7.621223154582448
-0.6914255132339444  8.472024285005023
-6.026561887644075  -7.016800317426145
5.446305357746074  6.608169568330514
-8.939060562360341  7.165924700067471
6.378831427035337  2.7629342306992206
5.175018477541686  2.347937924914789
-3.9413842553783387  9.973752696105944
-9.50870154241945  8.074018289114424
6.2661520742309715  -0.13376108491265834
5.7640216619524685  3.311513778308795
-6.217708207590638  8.86044883892459
-7.32135026848073  -6.8698698670882115
-7.246401411511175  -6.255410379705052
-7.265933702274913  -7.196491367031227
-6.405548211058699  -8.425247481786581
-8.612461492425744  -6.543917416701625
-3.687007364524805  8.664776270703216
-6.167128190420335  -6.933490062165983
-6.040005513110999  -7.992201577721783
-10.035826311990338  6.640400307944733
5.184662128772258  0.512022927157971
-2.240500762772054  7.295507388703219
-8.0638760657035  7.951032815653766
-9.20077268408531  -6.658956858593508
-8.197972914357656  -7.176760539781878
-3.4343894846544103  8.397312801745578
-5.244501866801257  -9.042044401698854
-3.5745239348821114  10.056371765934973
-2.7797256533184553  10.89649804910672
-8.402687969697434  6.737234232040096
-1.931719062582194  10.719266560296733
-4.868162324462025  -7.474452948939237
-7.279493583447897  6.491179810750145
-7.119100470181198  6.842062077053539
6.092409809896124  2.7789610943015415
6.886835139334287  1.4980971552245597
3.852380884521141  0.6742995983935058
-9.666844052028836  7.846246750632598
-1.9059204743615723  10.092108588963663
-8.60692285325921  7.884690529037703
-1.493550742520835  9.562586020107346
-2.418346654984417  10.410432866808344
-9.923672103931  6.456280416758736
-8.334876936436602  -5.555624859316351
-1.9841817700192743  9.556899259626904
-9.545482628713959  5.381883471279754
-8.064875885635045  9.687210896799318
4.050215036376264  0.5499984735186868
4.751128273201267  2.790423113329629
4.011413221281179  1.2549662642602926
-1.2896917215147599  8.470843539476233
-3.1320758950550918  9.206605183195101
-1.9877463749428026  7.6124862745364155
-2.1183778980002357  7.104567370605896
-2.0833865749143587  9.486315153097006
-5.4112507714223055  -7.495735110416334
-10.35294292018143  8.31271661585133
4.882824194258828  0.5797827533758219
-3.780002224098692  8.173086317005216
-3.5555384416691864  9.126373300091833
-1.5948108534545355  7.554890787345193
-1.590366046401279  8.0749733145617
5.538827341090911  1.556430637387593
-9.69939672839128  6.9832085378732724
-8.6727824476801  -4.963538875172595
-11.134551590870633  6.609402793181368
-7.5921846691542285  -7.865373577937776
-6.128546936726234  -4.828226809893632
-6.289462890028484  -7.262815572239879
-0.7815068568867163  6.553062238465415
-8.270664512922647  7.979426972626042
-7.742349967597  -7.853157753702784
-9.35744126819945  7.11558334192452
-7.449185033059202  7.491004340390315
-3.5661810042750592  10.541340809508222
-8.261899522272955  6.15378978251982
-6.9395745027078055  -7.152109431146387
5.013336792308724  3.1224127611871655
-4.811242139141692  9.388110492399166
-2.805039853629351  7.114740823227711
-4.09275768312294  9.326578069053143
-3.735255762540073  8.116107272063205
4.66810812749684  3.439000171420479
4.601101840979534  1.6383090737150796
-9.455218419247508  6.235811818091492
-3.068223526436597  8.917660436122516
-7.4566045357144  -8.964485082497067
-3.1935461738210473  8.714160253940628
4.810080683273713  1.2128488126964803
-5.231183453824344  -4.6725096044585355
-2.3916527911205567  8.940169858130865
3.4627531431741847  1.7303889555997254
4.1250671491183954  2.769985522422236
4.8149302438941906  1.8872428410432849
4.607352777182893  3.0318025031886777
-5.04856562882439  -7.905642816300407
-3.021449364737731  10.130549698588682
-2.595894551222064  7.967693935364755
-7.426823528277955  7.610638470334838
5.777107384969648  1.7465682740873683
-8.590944955050949  -4.844912287540507
-2.404920647863656  8.324543061800664
3.32922616486649  1.4603776132439532
-7.598805589510912  -6.8935616923150205
-9.77066027659869  6.14226551692953
-7.99606537031613  6.12737039689303
3.8388889641141795  1.7000672672113584
-6.217647886222823  10.000137307362959
-9.391687308662286  5.470827664281225
-5.9677475820524055  -6.637094033718324
-7.530213776820646  7.047952964129061
4.059580777930705  1.2226157948886267
-8.090745816798139  6.931053009177849
-7.058249714176931  -6.919027516267392
-2.455978010872224  11.806210791166903
-1.667417933576512  9.845866201103236
-1.7741732613751706  8.244860165002402
-1.3402251708709927  9.113895969355008
-3.515242522269705  10.634288820918778
-8.382604987345609  -7.0301750138634524
3.4773011310875983  2.3366993159343346
4.021893079895982  2.643966659126454
-6.533721968793885  -6.844414688474016
-5.051391707533577  -7.534540469832334
4.307514839954546  4.47141976359659
6.114020512576688  2.5734491980872205
-6.400277231883065  -7.008201650315688
-8.419783736206448  7.693202534843245
-1.5671568744037179  8.433607436648801
-9.990525638462957  6.904318090342065
6.801526918613386  0.910042324874903
4.733746269875412  2.80735688750033
-12.147730774001332  6.176800928199169
-6.744042713397528  -6.4098655321121
-0.678587050901132  9.357032287276933
0.6304782761748723  1.529510894397339
4.719878572701984  2.4331878513474856
-6.5768842509624275  -6.175324350558803
-5.448841702456708  -7.7400826834490175
-7.611219622713671  -7.064319888050421
-11.065795898552002  6.960628931751673
3.716551329780516  2.508571015097528
-8.180075646458913  -4.96835625303826
-6.910802202401382  -7.515225942982131
6.514521713589536  1.5163644223219603
3.60068972447539  3.090786171432199
-9.322899137515899  7.434715110146917
-1.0761943321476974  8.979484567365601
-2.656127558610982  8.371038416097706
-7.397543267983293  -7.0458784812650155
4.1033177996714265  2.9701762471907034
-2.1181057531310223  10.442807190911621
-7.057828358103176  -5.763941388912601
-7.187067828561706  -6.9064072514753185
-9.928764166501171  7.4028292825331405
-6.961582897935589  -5.881509127187716
-1.2456326873577366  8.32266509391348
-2.079924490833627  8.953957525399563
-7.7696966390360185  -5.9080093487504755
-5.761563512099893  -6.044417719132934
3.1043460056239183  3.4648173378481775
-8.108645156602597  5.769934603878687
-4.948023878574397  -6.837575317481273
-8.96148974064072  8.850310736204303
-8.47216837143686  7.132089293563423
-4.286094141129435  7.167468835016636
-9.029025468443976  4.289469405511526
-8.195970155228926  4.076151913235724
-9.096822066681794  -7.606062573835715
-8.241376191514963  6.718364720725876
-8.24979516553116  -5.8165764917645735
5.153568407102437  3.247374802929076
3.924301269750132  1.5874606137430138
-9.661652496685274  7.396481324215575
-6.933331926959185  8.262475272350345
4.354208955475978  2.7669833979461913
3.218344276990583  2.1440339329665203
5.088489673603712  3.9507658457396087
-8.215527756890195  10.121125021888728
-3.7654142671460398  8.082149427942621
-8.721902675625344  -9.408241519396803
4.537344523978186  0.8896410863691795
-6.429407644291783  -6.885257969215066
-8.906348083625929  6.845048808571066
4.864275695161467  1.8286364792474337
-6.072379608782055  6.95722381122069
-8.899599551848784  6.092205296216737
-8.817915227497735  9.940603891377044
-7.168270456258206  -7.938744257529465
-6.162779613257071  -6.416693997163616
5.450446762624014  0.3540561201202881
-7.81839978392987  6.849444871876038
-9.16373474376851  -7.571160113973751
-4.934846407361853  -7.766721040421251
-6.239053180004304  -6.284689800879264
-8.389646864634487  6.31904961464458
-6.363960516151622  -6.185787068541565
-8.735362402008612  7.461933012033095
-6.068348241998872  -6.045998509248434
-8.480577799072769  6.2419074610704115
6.58454416794963  0.789674412785626
-4.061573850826667  -7.784656213248631
-8.781703054971857  7.133472206409191
3.3665013667430923  1.3917871299748936
-3.7426985849783616  9.255151189047323
-10.429341948619824  7.763793864320132
-1.8832456223419765  8.166109219550115
5.010546607512841  3.026111051616206
-1.1826837852254806  9.512953776843991
-8.178558614594738  6.359623082331224
-3.9267286103059478  9.200744537832213
-5.432135823588785  -6.8005250806264135
4.0200126213652405  3.0452124178623676
-6.740484571227727  -6.336416601374854
5.45271712567764  1.4021897760702686
6.536717013024391  2.4402975051097027
-3.760139676645854  8.936118999517388
-0.8242756004024525  8.785651380877981
-6.023248867672416  -7.900719489604391
4.2940754888840775  2.760190780892221
4.670630601604974  2.551228604029913
-8.73907425625672  8.27219743212711
-7.777785290616831  6.549612645760908
-7.004194734963949  -6.5832163179691054
-3.901336199496793  8.181564373419036
-0.8190968799566107  9.298774452757883
3.6783156099952548  0.6623885000681548
4.368410795565625  1.1656659538583645
5.025556383489338  2.796830234494157
6.623066968603493  -0.004758032134119405
-7.639799238347786  -8.743730903242758
-8.591049427665252  6.877801208843454
4.47655898228628  1.599715997626281
-5.931173061455797  -5.434099012261386
4.628481678733943  2.3458896024905656
4.631429992391798  1.4691261222364822
-5.805468765009837  -7.390803507779916
-2.2238100522939606  9.182778618287129
-7.48587920008019  -6.489940692269107
6.296161228235915  1.670926490835766
-3.1655158689949268  9.420878750731388
-9.241431362747287  6.092329120111261
-3.8845534379940485  9.617825146010446
3.8751655959363345  1.42287939387214
-5.132449694231957  8.901179358879773
-8.169780558340678  9.060187338831286
-8.247220426975048  8.12868405609778